6.786700000000000443e+01 -2.176500000000000057e+01 7.770000000000000000e+02
6.668000000000000682e+01 4.570000000000000284e+00 1.226000000000000000e+03
6.297999999999999687e+01 -1.758999999999999986e+01 1.237000000000000000e+03
6.274000000000000199e+01 -4.000000000000000000e+00 1.020000000000000000e+03
6.236999999999999744e+01 -9.799999999999999822e-01 1.500000000000000000e+03
6.207000000000000028e+01 -3.703000000000000114e+01 2.085000000000000000e+03
6.147999999999999687e+01 -1.953999999999999915e+01 2.303000000000000000e+03
6.057999999999999829e+01 -2.207999999999999829e+01 2.397000000000000000e+03
6.039999999999999858e+01 -2.364000000000000057e+01 1.984000000000000000e+03
6.038000000000000256e+01 -2.096999999999999886e+01 2.658000000000000000e+03
6.034000000000000341e+01 -9.460000000000000853e+00 1.197000000000000000e+03
5.917000000000000171e+01 -3.091000000000000014e+01 1.416000000000000000e+03
5.896999999999999886e+01 -9.609999999999999432e+00 1.709000000000000000e+03
5.703000000000000114e+01 -1.006000000000000050e+01 2.122000000000000000e+03
5.550000000000000000e+01 -1.469999999999999929e+01 2.161000000000000000e+03
5.317999999999999972e+01 -1.914999999999999858e+01 2.472000000000000000e+03
5.175000000000000000e+01 -1.291999999999999993e+01 1.153000000000000000e+03
4.988000000000000256e+01 -2.423000000000000043e+01 3.883000000000000000e+03
4.745000000000000284e+01 -8.529999999999999361e+00 2.174000000000000000e+03
4.535000000000000142e+01 -5.219999999999999751e+00 4.175000000000000000e+03
4.320000000000000284e+01 -1.010999999999999943e+01 3.005000000000000000e+03
4.304999999999999716e+01 -3.003999999999999915e+01 3.080000000000000000e+03
4.215999999999999659e+01 -9.699999999999999289e+00 2.164000000000000000e+03
4.214999999999999858e+01 -9.679999999999999716e+00 2.120000000000000000e+03
4.175999999999999801e+01 -4.735000000000000142e+01 4.100000000000000000e+03
4.057999999999999829e+01 -9.859999999999999432e+00 2.465000000000000000e+03
4.057800000000000296e+01 -1.034800000000000075e+01 3.381000000000000000e+03
3.824000000000000199e+01 -1.039000000000000057e+01 4.602000000000000000e+03
3.800000000000000000e+01 -3.112999999999999901e+01 3.050000000000000000e+03
3.800000000000000000e+01 -3.112999999999999901e+01 3.064000000000000000e+03
3.782999999999999829e+01 -9.519999999999999574e+00 1.123000000000000000e+03
3.779999999999999716e+01 -1.016999999999999993e+01 3.146000000000000000e+03
3.779999999999999716e+01 -1.016999999999999993e+01 3.146000000000000000e+03
3.777000000000000313e+01 -1.017999999999999972e+01 3.135000000000000000e+03
3.757999999999999829e+01 -3.183999999999999986e+01 2.690000000000000000e+03
3.709000000000000341e+01 -3.203000000000000114e+01 2.159000000000000000e+03
3.686999999999999744e+01 -2.917999999999999972e+01 3.400000000000000000e+03
3.640500000000000114e+01 -4.853999999999999915e+01 5.010000000000000000e+03
3.638000000000000256e+01 -7.071699999999999875e+00 5.770000000000000000e+02
3.527000000000000313e+01 -6.799999999999999822e+00 6.420000000000000000e+02
3.489000000000000057e+01 -7.815000000000000391e+00 2.022000000000000000e+03
3.452000000000000313e+01 -7.019999999999999574e+00 8.590000000000000000e+02
3.370000000000000284e+01 -5.757999999999999829e+01 4.550000000000000000e+03
3.368999999999999773e+01 -5.763000000000000256e+01 4.583000000000000000e+03
3.278300000000000125e+01 -7.628300000000000125e+01 1.790000000000000000e+03
3.076999999999999957e+01 -7.446999999999999886e+01 3.481000000000000000e+03
2.900000000000000000e+01 -8.712000000000000455e+01 8.470000000000000000e+02
2.889000000000000057e+01 -1.322499999999999964e+01 1.358000000000000000e+03
2.753999999999999915e+01 -1.374000000000000021e+01 1.172000000000000000e+03
2.610000000000000142e+01 -7.800000000000000000e+01 1.045000000000000000e+03
2.607000000000000028e+01 -7.805599999999999739e+01 9.650000000000000000e+02
2.517000000000000171e+01 -1.685000000000000142e+01 2.575000000000000000e+03
2.432999999999999829e+01 -8.325000000000000000e+01 5.460000000000000000e+02
2.428000000000000114e+01 -8.326999999999999602e+01 6.480000000000000000e+02
2.421666700000000105e+01 -8.329999999999999716e+01 7.510000000000000000e+02
2.373999999999999844e+01 -7.943000000000000682e+01 5.420000000000000000e+02
2.075000000000000000e+01 -1.857999999999999829e+01 2.278000000000000000e+03
1.807999999999999829e+01 -2.114999999999999858e+01 3.085000000000000000e+03
1.742999999999999972e+01 -7.765999999999999659e+01 1.020000000000000000e+03
1.550000000000000000e+01 -1.794999999999999929e+01 2.384000000000000000e+03
1.242999999999999972e+01 -1.805000000000000071e+01 3.233000000000000000e+03
1.208999999999999986e+01 -6.124329999999999785e+01 1.299000000000000000e+03
1.071000000000000085e+01 -6.517000000000000171e+01 8.920000000000000000e+02
6.650000000000000355e+00 -5.207999999999999829e+01 2.510000000000000000e+03
5.900000000000000355e+00 -4.418999999999999773e+01 4.056000000000000000e+03
4.240000000000000213e+00 -4.307000000000000028e+01 3.129000000000000000e+03
3.520000000000000018e+00 5.570000000000000284e+00 1.181000000000000000e+03
2.500000000000000000e+00 9.394999999999999574e+00 1.295000000000000000e+03
-1.580000000000000071e+00 -4.302000000000000313e+01 1.367000000000000000e+03
-1.909999999999999920e+00 -4.159000000000000341e+01 2.247000000000000000e+03
-3.549999999999999822e+00 -3.539000000000000057e+01 3.537000000000000000e+03
-4.219999999999999751e+00 -3.707999999999999829e+01 1.000000000000000000e+03
-4.230000000000000426e+00 -3.710000000000000142e+01 8.920000000000000000e+02
-4.250000000000000000e+00 -3.635000000000000142e+01 2.362000000000000000e+03
-1.191999999999999993e+01 1.340000000000000036e+01 4.260000000000000000e+02
-1.716000000000000014e+01 1.100999999999999979e+01 1.978000000000000000e+03
-2.162000000000000099e+01 -3.997999999999999687e+01 1.090000000000000000e+03
-2.332000000000000028e+01 1.238000000000000078e+01 1.967000000000000000e+03
-2.332000000000000028e+01 1.238000000000000078e+01 1.948000000000000000e+03
-2.489999999999999858e+01 -4.250000000000000000e+01 2.225000000000000000e+03
-2.551000000000000156e+01 1.302999999999999936e+01 1.992000000000000000e+03
-2.667030000000000101e+01 -4.644100000000000250e+01 4.750000000000000000e+02
-2.750000000000000000e+01 -4.650000000000000000e+01 1.268000000000000000e+03
-2.776000000000000156e+01 -4.663000000000000256e+01 2.296000000000000000e+03
-2.900000000000000000e+01 1.383999999999999986e+01 1.997000000000000000e+03
-3.209000000000000341e+01 1.447000000000000064e+01 2.869000000000000000e+03
-3.471000000000000085e+01 1.733999999999999986e+01 2.440000000000000000e+03
-3.535499999999999687e+01 2.923999999999999844e+01 4.435000000000000000e+03
-4.110000000000000142e+01 7.799999999999999822e+00 4.981000000000000000e+03
-4.132999999999999829e+01 2.582999999999999829e+01 2.907000000000000000e+03
-4.414999999999999858e+01 -1.422000000000000064e+01 3.770000000000000000e+03
-5.300999999999999801e+01 -5.803999999999999915e+01 5.980000000000000000e+02
